epoch=6{'W1': array([[-0.04167578, -0.00562668, -0.21361961, ..., -0.04879305,
        -0.01730712, -0.03953464],
       [ 0.08708408,  0.05928068, -0.10992973, ..., -0.05898087,
        -0.08625311, -0.17428729],
       [ 0.06036715, -0.00796135, -0.02112727, ..., -0.14817715,
         0.03390375, -0.00068275],
       ...,
       [-0.0041961 ,  0.02095358, -0.21731552, ...,  0.00274114,
         0.15107296, -0.06731946],
       [-0.20264119, -0.07168113,  0.14668043, ..., -0.08112454,
         0.07040155,  0.01153586],
       [-0.03705576,  0.02535795, -0.06562441, ..., -0.01854435,
        -0.13748662, -0.02249039]]), 'b1': array([-2.62284542e-01, -3.02251380e-01, -1.45424203e-01, -1.34435751e-01,
        2.70845803e-02, -8.51326796e-02,  6.61716578e-02, -1.25128941e-01,
       -2.24246360e-01,  6.06349637e-02, -1.12177815e-01, -3.26612572e-02,
        1.49465802e-01, -4.61653076e-02, -1.10563192e-01, -1.03112016e-01,
       -6.27557528e-02, -6.15221281e-02,  9.87449831e-02, -2.58213958e-01,
       -1.51974848e-01, -3.49093277e-03,  2.17857092e-01,  1.50285875e-03,
       -5.41945327e-02, -6.86330679e-02,  2.35361900e-01, -3.30797699e-01,
        3.23706781e-01, -2.16260360e-01,  8.02894295e-03,  7.32908355e-02,
       -2.99401224e-01, -1.19278464e-01, -1.56421935e-01, -3.85132609e-02,
       -1.16409278e-01, -1.02545483e-01, -2.15001601e-01, -1.61449627e-01,
       -3.03453303e-01,  3.15165327e-02, -9.01575180e-02, -1.32713012e-01,
        8.82436165e-02,  1.34494352e-01, -1.23873742e-02, -2.85695903e-01,
       -1.18419424e-01, -2.87697815e-01, -8.76716061e-02, -1.05930422e-01,
       -3.01113930e-02,  1.76136403e-01, -2.50100738e-01,  9.12858668e-02,
       -1.27424203e-01, -2.16706183e-01,  2.21346070e-03, -3.57787657e-02,
       -5.06669047e-01, -1.32310688e-01, -2.71784589e-01,  1.50535100e-02,
       -2.74359117e-01,  3.02566251e-02,  8.67956176e-02, -1.59156176e-01,
       -1.48184855e-01, -5.92718846e-02, -1.31103673e-01,  1.27817153e-02,
       -1.84075605e-01,  5.70058910e-02, -1.47244025e-01, -8.51410102e-02,
       -1.56323576e-01, -1.94185826e-01, -6.42759408e-02,  7.93127205e-02,
        8.00281552e-02, -4.73909509e-02, -2.87229309e-01, -5.74562065e-02,
       -1.21953460e-01, -1.68917410e-01, -2.34341014e-01,  6.92404002e-02,
        8.68974232e-02, -1.29822885e-01,  1.12511646e-01,  1.88220355e-03,
       -2.79773934e-01, -8.77583834e-04, -2.49135291e-01, -5.44528304e-02,
       -1.33934627e-01, -5.35935587e-02, -9.86270843e-02, -3.97365111e-02,
       -1.12354691e-01, -1.12177170e-01, -2.33528285e-02, -1.26336993e-01,
        3.08412293e-03,  2.07851568e-02, -5.26645621e-02, -2.19548069e-01,
        4.14081484e-02, -4.91916097e-02,  5.59011042e-02, -1.24767447e-01,
        1.84330562e-01,  9.29251751e-02, -1.37629012e-01,  1.06797296e-01,
       -1.20714352e-01, -3.27895144e-01,  9.32013856e-02,  4.05596207e-02,
       -1.70294883e-01, -1.27914757e-01,  2.48739945e-01,  3.70301959e-03,
       -1.37827688e-01,  5.95506771e-02, -1.28728427e-01, -4.89358457e-02,
       -2.63103299e-01,  7.66461764e-02, -2.27164356e-01, -2.32421077e-01,
       -3.07774505e-01,  4.08220031e-02,  1.86528911e-02, -8.23999711e-02,
        4.53801336e-02, -2.55789202e-01, -1.98829020e-01, -3.17936912e-01,
       -2.15429038e-01, -2.69114563e-02, -5.77082159e-01, -2.68976314e-01,
        8.92955597e-02, -1.39708309e-01,  2.34432133e-02,  5.39180289e-02,
       -1.17662694e-01, -9.40653856e-02, -2.21615486e-01, -2.07098963e-01,
       -1.43486563e-01, -3.44227997e-02,  2.05116472e-03, -3.62602840e-01,
       -1.48301364e-01, -1.22039011e-01,  6.12719818e-02, -1.40180741e-01,
       -1.06470182e-01,  9.38320409e-03, -2.13111434e-02,  2.10542520e-01,
       -2.04559591e-01, -2.28595058e-01,  1.42606916e-01, -1.29301019e-01,
        1.47603033e-01, -8.04247529e-02, -6.36870840e-02, -1.24124749e-01,
       -2.51490952e-01,  5.05748468e-02, -1.98129437e-01,  6.34146786e-02,
       -2.68816137e-01,  6.06596890e-02, -1.96884037e-01, -2.33730539e-01,
        9.20953094e-03, -7.30889803e-02, -1.88533206e-02, -1.38420251e-01,
       -1.38959110e-01, -1.20453259e-01, -6.92736479e-03, -1.69067372e-01,
        7.56269758e-02, -9.43440136e-02,  6.10678284e-02, -3.07450579e-01,
        1.40555918e-01, -1.06579038e-01, -1.59052373e-01, -2.86479025e-01,
       -9.89996548e-02, -1.86333982e-01, -3.49577828e-02, -8.41121199e-02,
        5.35902238e-02, -1.12844773e-01, -2.94721176e-01, -1.02727646e-01,
       -9.00250148e-02, -3.96880896e-03, -3.38614591e-01, -5.51592786e-02,
        1.23851081e-01, -1.81918192e-01,  1.47150591e-02, -2.82962090e-01,
       -1.40810674e-01, -9.05405899e-02, -1.27934027e-01, -6.21944845e-02,
        7.24693425e-03,  1.49145017e-01, -6.11953650e-02, -2.92542250e-02,
       -8.00006452e-02,  4.41896126e-04, -8.16481141e-02, -2.10080415e-01,
       -2.50350193e-03,  6.85680567e-02, -3.08261764e-01, -1.10992646e-01,
        1.44700728e-02, -1.67999980e-01,  7.30788841e-02,  2.24990054e-01,
       -7.11961883e-02,  1.17271192e-01, -1.31887309e-01,  3.95438443e-02,
       -8.08442874e-02, -8.53158301e-02,  5.05411799e-02,  2.60083790e-01,
        3.60672432e-01, -2.55669979e-02, -8.13348127e-02, -9.82883218e-02,
        2.52937854e-02,  1.08823458e-01, -4.59581128e-02,  8.89849557e-02,
       -3.93883407e-02,  1.96768217e-02, -1.14810981e-01, -1.78188788e-02,
        3.71240250e-02, -3.39988342e-02, -1.65387296e-01, -4.15131986e-02,
       -8.42162218e-02, -9.01660103e-02, -1.48113011e-01, -1.65993150e-01,
        8.80412865e-02, -4.95339087e-02, -1.53909067e-01, -2.85411361e-01,
       -1.22590750e-01, -1.50707598e-01, -1.21201348e-01, -3.12663830e-01,
       -5.03288463e-02, -1.59885652e-01, -8.90341305e-02,  1.11236056e-01,
        1.63831109e-02, -6.46021849e-02,  3.89495411e-02, -3.61551006e-02,
       -2.99079943e-02, -3.59170453e-01, -1.32201837e-01, -3.39303679e-01,
       -2.11203654e-01,  7.50410934e-02, -1.39619276e-02, -6.05099617e-02,
       -2.15279995e-01, -2.15394716e-01, -3.90469240e-02, -2.31545707e-01,
       -5.77125686e-02,  1.90857788e-02, -1.85880886e-01,  4.58744265e-02,
        4.55030458e-02,  3.22006276e-02,  9.76028157e-02, -9.09796873e-02,
       -1.83730822e-01, -2.30558191e-02, -1.20286479e-01, -2.89592648e-01]), 'W2': array([[-0.09215482,  0.00720705, -0.16900158, ..., -0.19528986,
        -0.02293863, -0.05047783],
       [-0.20640797,  0.04885987, -0.07152812, ...,  0.03652238,
        -0.05271802, -0.17814544],
       [-0.13975629,  0.11565752, -0.30700659, ..., -0.07364936,
         0.78407842, -0.05122253],
       ...,
       [ 0.29940578,  0.01744338,  0.2165835 , ..., -0.20767696,
         0.05364692,  0.26631856],
       [-0.01228756, -0.09380704, -0.04907027, ...,  0.12476499,
        -0.1030118 , -0.14732551],
       [ 0.30851827,  0.08584208, -0.49301352, ..., -0.10451728,
        -0.24207939,  0.22783223]]), 'b2': array([-0.15801445, -0.05809044,  0.04416897,  0.07270945,  0.15371644,
        0.03166319, -0.14403372,  0.01408472, -0.18206597,  0.05800196,
       -0.06375506, -0.19219788, -0.09085219, -0.08614027, -0.12039425,
        0.04609329, -0.13417668, -0.17520457, -0.21893466, -0.05322795,
       -0.1709278 , -0.10765384, -0.09233767, -0.21543215, -0.09436631,
        0.09413221,  0.07372839, -0.03090333, -0.0188106 , -0.09246244,
       -0.1886735 , -0.34157003, -0.01579772,  0.01148742, -0.21951217,
        0.0972255 , -0.15018656,  0.05687115,  0.0359103 , -0.0064489 ,
       -0.1332211 , -0.05054333,  0.06519814, -0.08646018, -0.03158494,
       -0.06415514, -0.0575872 ,  0.08506281, -0.02135673,  0.03943047,
        0.09040988,  0.01547549, -0.38293818,  0.01702032,  0.02342637,
        0.01545052,  0.12779505,  0.1113293 , -0.13653896, -0.25408166,
       -0.14839024,  0.02186163, -0.29414844,  0.07038822, -0.14771977,
        0.0289647 ,  0.08851512, -0.00722873, -0.15115563,  0.16780286,
       -0.02090995,  0.08920857,  0.28386565, -0.20358237,  0.01675243,
       -0.00660058, -0.28129756, -0.02825121,  0.06992537,  0.10190399,
       -0.09124269, -0.00849022,  0.0699278 , -0.20025912, -0.17691383,
        0.16477592, -0.24553422, -0.03593829, -0.10292153, -0.04383736,
       -0.06798898, -0.00788284, -0.03237964,  0.08521305,  0.07325445,
       -0.05317604, -0.15044835, -0.11197513,  0.02141866,  0.11327367]), 'W3': array([[-4.03081532e-01, -9.10225824e-01,  5.11763937e-01,
        -1.75295450e-01, -6.69487983e-01, -5.82697425e-01,
        -1.03255428e+00,  1.39192938e+00, -2.41110304e-01,
        -1.06886812e+00],
       [ 6.12321486e-01, -1.15974506e+00, -8.72606483e-01,
         1.87668695e-01, -1.03845768e+00, -7.00628141e-01,
        -4.53498308e-01,  8.25299023e-01,  8.22519934e-01,
        -7.79043039e-01],
       [-5.45684033e-01,  3.80104124e-01, -1.30001054e+00,
        -9.00343581e-01,  6.81792417e-01, -1.77471280e+00,
         4.96570890e-01, -1.48390681e-01,  1.36260765e+00,
         4.94701029e-01],
       [ 6.62300254e-01, -2.70334860e-01, -5.67151513e-02,
         3.48359922e-01, -5.36648907e-01, -1.14589558e+00,
         5.01963301e-01, -1.47997752e+00, -9.02620523e-01,
        -5.11629385e-01],
       [ 3.90513200e-01, -7.83243749e-02, -3.66758887e-02,
        -4.00729273e-01,  1.42965023e-01, -1.01755868e-01,
         6.58086949e-02, -1.89075728e-01, -5.14614746e-01,
         1.72616653e-01],
       [-8.90033474e-01,  7.14175760e-01, -8.88765083e-01,
         1.10155477e+00,  4.17396299e-02, -3.96463556e-01,
        -4.19112790e-01,  6.30738970e-01, -8.08960416e-01,
        -1.15668577e+00],
       [ 3.43175001e-01,  6.71028815e-02, -9.38272897e-01,
         3.15603985e-01, -1.18508301e+00, -3.43039945e-01,
        -1.50120099e-01, -2.88676045e-01, -6.46382474e-02,
         1.74500973e-01],
       [-4.14345091e-01,  9.06202403e-02, -7.01126821e-01,
        -1.28061607e+00,  1.53198992e-01, -1.32732405e+00,
        -8.28864476e-01, -1.22488733e+00,  1.48307623e+00,
         7.58479728e-01],
       [-1.29083486e+00, -6.84024979e-01, -1.27074022e+00,
         2.27036914e-01,  5.95613565e-02,  4.34759012e-01,
        -1.41287174e+00,  9.87485729e-01,  1.85539427e-01,
        -3.20033228e-01],
       [-8.47700260e-01, -1.41596091e-01, -6.74358342e-01,
         2.94042124e-01, -3.81164657e-02,  3.74292265e-01,
        -7.11401017e-01,  2.25987938e-01, -1.01135592e-01,
        -2.09102106e-01],
       [-6.67977250e-01, -3.38147033e-01, -4.38165888e-01,
         2.04884784e-01,  9.00420001e-01,  1.24934500e+00,
        -1.80911536e+00,  6.52742718e-01, -1.34434684e+00,
         3.16524311e-01],
       [-6.89740782e-01, -4.21467879e-01, -6.43459769e-01,
        -6.89926508e-01, -6.96476204e-01,  1.04193970e-01,
         7.20924396e-02, -4.95563168e-01,  1.10697769e-01,
        -4.88090801e-01],
       [-2.31342958e-01, -1.65244018e+00,  8.47177632e-01,
         5.90430932e-01,  8.72722267e-01,  7.62475139e-01,
        -1.47839173e+00, -1.39554215e+00,  1.28047475e+00,
         3.84949388e-01],
       [ 1.27213631e+00, -9.19213726e-02, -3.64694048e-01,
        -4.06189203e-01,  7.03309265e-01, -1.92537596e+00,
        -4.11361930e-01, -2.54333379e-01, -4.63205706e-01,
         1.66615838e-01],
       [-7.93136310e-01, -3.02791407e-01,  4.93801519e-01,
         1.06061269e+00, -7.23398532e-01, -5.59701975e-01,
        -9.96978721e-01,  5.71755054e-01, -8.56420881e-01,
        -8.49942858e-01],
       [ 3.34450890e-01, -9.61302163e-01, -4.28750587e-01,
         9.21281603e-02, -1.32551941e+00, -1.56530706e+00,
        -7.08955580e-01,  3.79899501e-01,  2.37111906e-03,
         5.44138656e-01],
       [-8.32346212e-01, -7.78839421e-01,  9.77654730e-01,
         2.31725399e-01, -1.13065414e-01, -5.81791230e-02,
        -6.48261445e-01,  1.18291876e+00, -8.52666608e-01,
        -8.49950770e-01],
       [-1.93291894e-01,  2.61399493e-01, -1.12618781e+00,
         8.27384075e-01,  9.41594489e-02, -1.55570157e+00,
        -9.17418534e-01, -7.03014902e-02,  9.44298522e-01,
        -9.55921077e-01],
       [-9.45869480e-01, -2.12444726e-01,  1.42302508e+00,
        -9.05478112e-01, -8.89245205e-02, -6.25731043e-01,
        -6.00454590e-01,  9.61565376e-01,  9.60600491e-01,
        -1.75945470e+00],
       [-4.40408184e-01, -4.72445751e-01, -4.95050399e-01,
         3.96468375e-01, -1.04638756e+00, -1.18225572e-01,
        -4.69214520e-01, -3.71374226e-01, -8.33426892e-01,
        -9.28276275e-02],
       [ 1.23457815e-01, -7.70995688e-01, -2.28305705e-01,
        -5.44632806e-01,  8.61939484e-01, -1.55788344e+00,
         2.58555307e-01, -4.56241648e-01, -1.60694493e-01,
        -1.70683932e-01],
       [-7.81901950e-02, -6.20280457e-02, -4.89894451e-01,
         2.45029536e-01, -7.00285399e-01, -1.69392839e+00,
         4.05877270e-01,  1.60098124e+00, -8.67849744e-01,
        -1.81282159e+00],
       [-1.17100919e-01, -7.39357934e-01, -4.44094268e-01,
         5.57797468e-02,  4.89417943e-01,  7.49332699e-01,
        -1.37863226e-01,  7.17631308e-01, -1.03623270e+00,
        -2.19196520e+00],
       [-6.57501112e-01, -4.14510524e-01, -6.33282978e-01,
        -3.74479823e-01,  6.51256281e-02, -3.66777368e-01,
        -4.43743759e-01,  3.27103610e-01, -2.61753142e-01,
        -4.73279284e-01],
       [-6.69957742e-01,  1.17233925e+00,  1.40666987e+00,
        -1.88316367e+00, -2.33940798e-01, -5.00404700e-01,
        -5.10824487e-01,  1.83137141e-01, -1.43133108e+00,
        -1.09931736e-01],
       [ 7.22766202e-01, -8.29223033e-01,  4.13012292e-01,
        -7.40318806e-01, -1.41001974e+00,  9.40438983e-01,
        -4.16056962e-01, -1.41981484e+00,  5.62539998e-01,
        -1.88059818e+00],
       [-7.70360246e-01,  1.57871913e-01, -5.50593067e-01,
         1.41542859e+00,  6.44228586e-01, -1.62578678e+00,
        -4.83442763e-01, -5.71535084e-01, -4.71149910e-01,
        -4.64817940e-01],
       [ 8.88671012e-01, -2.69522470e-01,  4.07259472e-01,
        -9.63326316e-02, -2.75218197e-01, -1.25614483e+00,
        -9.25983547e-01, -4.95109833e-01, -4.58908124e-01,
        -4.33128088e-02],
       [-1.53211514e-01, -5.91560180e-02,  3.38885110e-02,
        -3.40349201e-01,  2.50937470e-01,  2.22056875e-01,
        -4.54674283e-01, -9.66798851e-02, -3.50593793e-01,
        -2.17773029e-01],
       [-2.82983528e-01,  4.05593288e-01, -1.47953746e+00,
         2.02564846e-01,  1.06429782e-02,  4.25372849e-01,
        -8.12067774e-01, -8.24752224e-01, -4.46182119e-01,
         1.43300718e-01],
       [-9.36644402e-01, -1.94557485e-01, -5.82065421e-01,
         1.14380012e-01, -7.20529742e-01,  1.17237296e+00,
        -2.77061367e-01, -9.64270457e-01, -3.13769098e-01,
         7.03741258e-01],
       [-6.99718907e-01, -4.56019857e-01,  1.25554313e+00,
        -5.83435548e-01, -3.80681514e-01,  3.41942098e-01,
        -8.20529193e-01,  8.19667454e-02, -4.50701932e-01,
        -8.97364317e-01],
       [ 1.17559368e-01, -7.93136969e-01, -1.59547845e+00,
        -1.32607261e+00, -2.21150278e-01,  1.25036349e+00,
         2.71555040e-01,  3.46237731e-01,  4.26853230e-01,
        -9.37268120e-01],
       [-1.14863168e+00,  1.17791489e+00, -3.06643771e-01,
        -1.06443093e+00, -7.27132078e-03,  3.44602705e-01,
        -6.01941873e-01,  3.61388773e-01,  4.07691742e-01,
        -7.39083001e-01],
       [ 1.83106723e-01,  1.35558759e-01, -2.86930286e-02,
        -6.27762523e-01, -3.42418489e-01, -1.28590544e-01,
         1.49894212e-01, -4.12872871e-02,  2.34540702e-01,
        -1.36600384e-01],
       [ 1.42662529e+00, -6.18727506e-01,  8.61600463e-01,
        -1.23127596e+00, -3.74812167e-01, -1.27844183e+00,
        -6.64209542e-01,  2.88264040e-02, -8.34409542e-01,
         6.21789797e-01],
       [ 5.62554336e-01, -1.47021615e+00, -4.26244209e-01,
        -8.65212028e-01,  4.33005096e-01,  9.12254091e-01,
        -1.30066359e+00,  3.37567926e-01, -8.04294336e-01,
         1.01945432e+00],
       [ 2.04317295e-01, -1.39299224e-01,  1.34125422e-01,
         3.18906998e-01,  1.29503683e-01, -6.45713931e-01,
         5.61813697e-02, -1.31426218e-01,  5.73690277e-02,
        -3.72029003e-01],
       [-4.24860000e-01, -5.07438595e-01,  3.82442094e-01,
        -3.92157298e-01, -1.82844468e-01, -4.71313405e-01,
        -2.57593438e-01,  2.92572088e-01,  4.91495810e-02,
        -1.86064791e-01],
       [ 6.83340821e-01,  6.73719093e-02, -7.29879550e-01,
        -6.29266344e-01,  4.69609208e-01, -1.06316156e+00,
        -8.63224519e-01, -5.32521887e-01, -3.39192800e-01,
        -1.62183052e-01],
       [-1.03001109e+00,  1.14920143e+00,  6.93690356e-01,
         6.32071298e-02, -5.03738120e-01, -3.66611363e-01,
        -1.10206551e+00,  2.19800678e-01, -1.08605119e-01,
        -1.24397325e+00],
       [-4.70719766e-01,  7.47336420e-01, -7.96178961e-01,
         4.21933590e-01, -4.08233996e-01, -4.96053105e-02,
        -1.31048528e+00,  8.05477650e-01, -6.09463569e-01,
        -1.28473798e+00],
       [-5.13919635e-01,  3.22732172e-01, -1.90474620e+00,
         9.94865355e-01,  4.30436140e-01, -1.66527252e+00,
        -8.11365429e-01,  8.17517467e-01, -1.84066415e+00,
         9.56151334e-04],
       [-9.80470444e-02, -3.82843152e-01, -1.11306163e-01,
         1.85434322e-02,  3.61841607e-01, -1.01056446e+00,
         1.00120538e-01,  8.15725074e-01, -1.96749980e-01,
        -1.06588099e+00],
       [-5.46940423e-01, -9.53437997e-01,  8.37030490e-01,
        -5.45112975e-01,  2.50785236e-01,  2.45596416e-01,
        -2.90203151e-01, -1.00368325e+00, -1.04500699e-01,
        -7.13427992e-01],
       [-4.31967232e-01,  2.22411398e-01, -2.85195985e-01,
         4.28347938e-01, -1.94551945e+00, -1.51221525e+00,
         1.35114281e+00,  3.60526637e-01, -3.19666848e-01,
        -2.02524978e-01],
       [-3.09713975e-01, -2.01284012e-01, -5.40661776e-01,
         1.22808151e-02, -8.52462214e-02, -1.67807944e-01,
        -1.52523546e+00,  5.31363756e-01,  6.98620551e-01,
        -9.64102735e-01],
       [-8.01519558e-01,  3.71621619e-02, -7.95705056e-02,
        -2.29876763e-01, -1.48350024e-01, -1.43324225e+00,
        -1.06588055e+00, -5.79246459e-01,  2.44259660e-01,
         2.73203375e-01],
       [-5.45120724e-01, -1.24110527e+00,  9.52982812e-01,
        -5.70512410e-01,  1.35688785e+00,  8.07817236e-03,
         6.71361049e-01, -9.00050174e-01, -1.05435147e+00,
        -1.28779940e+00],
       [ 1.36673165e+00, -9.61346792e-01,  1.29479325e+00,
        -2.02427767e+00,  4.99221149e-01, -1.56467960e+00,
         5.62261287e-01, -1.36275840e+00, -1.03180111e+00,
         2.55134610e-01],
       [-3.36277740e-01,  6.91725972e-02,  7.25228589e-01,
        -1.13054082e+00,  7.83165436e-01, -1.17467689e+00,
         8.38325127e-01, -1.02074569e+00,  6.87313280e-01,
        -1.34411555e+00],
       [-1.42870105e-01,  7.51639261e-02, -9.07289337e-01,
         2.07419437e-01,  2.50178943e-01, -3.90585631e-01,
        -4.27706961e-02,  9.88832868e-02, -7.90923446e-01,
         4.35193466e-01],
       [-1.26488883e+00, -1.01387230e+00, -2.09529050e-01,
         8.87681579e-01, -6.57967740e-01, -5.68412002e-01,
         4.01899181e-01, -5.72508041e-01, -7.84334917e-01,
        -3.59118523e-02],
       [-1.55709063e-01, -5.86308629e-01, -6.26823337e-01,
        -1.11116492e+00,  3.93101052e-01, -9.71269049e-01,
        -5.79407117e-01,  3.66877584e-01,  3.60938142e-01,
        -5.39808556e-03],
       [-1.29671964e-01,  5.86655616e-01, -1.00302585e-01,
        -9.57737995e-01, -2.79395250e+00,  3.16148633e-01,
        -5.08685854e-01, -8.77040825e-01, -2.95954332e-01,
         1.94225833e+00],
       [-1.21440926e-01, -4.68475898e-01,  1.60325329e-01,
         6.43930445e-01, -1.35730342e-01, -1.06150263e+00,
        -7.35100692e-01, -9.36248307e-01, -9.87764447e-01,
        -4.28107312e-01],
       [-2.27606093e-01, -7.60656878e-01,  7.33923822e-01,
        -1.95784394e+00,  4.68306839e-01, -6.91910859e-01,
        -7.05084904e-01,  1.16162005e+00, -6.08745871e-01,
        -4.14775546e-01],
       [-8.89426003e-01,  3.66925177e-02,  7.15823240e-01,
         3.04719132e-01,  1.14636644e-01,  1.07719426e+00,
        -1.57336472e+00, -6.98153837e-01, -2.78478752e-01,
         5.12425249e-01],
       [-3.85185488e-02, -8.24640975e-02, -7.67483719e-01,
         2.21694226e-01, -7.44181210e-01, -5.11638581e-03,
         1.12317215e+00, -8.57160485e-01, -1.47867562e+00,
        -6.17413850e-01],
       [ 2.75853428e-01, -1.68209815e-01, -3.71883431e-01,
        -1.17017789e-01,  4.00481738e-01, -1.02419610e+00,
        -2.12551409e-01,  3.86308368e-01,  9.01666387e-02,
        -1.80277800e-02],
       [-3.14368543e-01, -1.75751057e-01, -2.16936992e-02,
        -1.25039105e+00, -2.47318647e-01, -4.85694087e-02,
         5.57632123e-01, -2.77749505e-01, -4.22288256e-01,
        -5.59047621e-01],
       [-7.56212363e-01,  1.34768784e-01, -6.63115356e-02,
        -1.42680230e+00,  7.08560578e-01, -1.72923189e+00,
         1.73320885e-01, -2.20355093e-01, -2.66863242e-01,
         4.95311368e-01],
       [-1.21553308e+00,  5.09911877e-01,  1.16151943e+00,
        -6.92885602e-01, -6.57253267e-01,  1.06208107e+00,
        -6.68000917e-01,  5.28080659e-01, -5.41051641e-01,
        -8.20058473e-01],
       [-7.88214861e-01,  5.60646150e-01, -1.17054450e+00,
        -9.14306764e-01, -4.74061574e-01, -4.97772830e-01,
         4.37074746e-01, -6.37875432e-01, -1.37949616e+00,
         4.59405036e-01],
       [ 1.93996768e-01, -5.64323126e-01, -6.71555271e-01,
        -2.13753896e+00,  9.51068056e-01,  1.06580489e+00,
        -6.62345986e-01,  8.32881323e-01, -1.99690226e+00,
        -8.39167278e-01],
       [-5.25821706e-01,  5.03906398e-01, -8.14457616e-01,
        -9.61805413e-01, -1.56728681e-02,  2.66479746e-01,
        -1.39819761e-01,  1.69882678e-01, -2.14384979e-01,
        -4.18037288e-01],
       [-8.46906011e-01,  9.79573161e-01,  9.13478547e-01,
        -1.55343013e+00, -1.25757455e+00, -5.25773534e-01,
         5.19336092e-01, -8.15213634e-01, -1.26713931e+00,
        -5.09161762e-01],
       [-2.98966198e-01, -3.82661763e-01, -6.46421690e-01,
         4.11435480e-02, -6.51305084e-01, -4.73053239e-01,
        -2.68168475e-01, -1.90338295e-01, -1.11155325e-01,
        -1.10426666e-01],
       [-1.26461477e+00,  7.35358102e-01,  8.87097650e-01,
         1.24636118e+00, -1.04144851e+00, -9.59024166e-02,
        -1.39816040e+00,  1.84973819e+00, -1.58731009e+00,
        -1.84655551e+00],
       [-8.81783274e-02, -7.25007355e-01, -4.00598284e-01,
        -3.03213175e-01,  6.09529902e-01, -6.14930645e-01,
        -7.47628458e-01, -4.23961671e-01, -1.74400149e-01,
        -1.01296595e-01],
       [-7.15770239e-01,  6.86997403e-01, -1.01547677e+00,
        -9.12515557e-01, -2.09511407e-01,  6.20493380e-01,
        -4.75368446e-01, -7.17119406e-03, -1.46088282e+00,
         7.05443009e-01],
       [-5.72134960e-01, -2.21526694e-01, -6.30648688e-01,
        -1.54428677e+00, -3.90478086e-01,  2.04663710e-01,
        -3.63871996e-01,  5.02199506e-01, -1.09047678e+00,
        -1.12729772e-01],
       [ 6.81891623e-01,  2.32429405e-01,  8.40236605e-01,
         1.02755104e+00, -8.18877802e-01, -1.32304600e+00,
        -1.16550018e+00, -4.69096507e-01, -1.00552145e+00,
        -4.31307426e-01],
       [-4.88063427e-01,  1.83768166e-01, -2.38119360e-01,
         3.07583766e-01, -7.96932489e-02,  1.65052387e-01,
        -1.10250533e-01, -6.03087290e-01,  6.21775795e-02,
         2.13959406e-01],
       [ 4.16205371e-02, -6.29180944e-01, -2.80324501e-01,
        -2.25233316e-01, -5.00120347e-01, -7.89767327e-01,
         5.13133982e-01, -7.35242490e-01, -1.50011623e+00,
         7.25770167e-01],
       [-9.21601418e-01,  7.89455727e-01, -4.11004364e-01,
        -7.76776321e-02,  1.73451006e-01, -7.86406239e-02,
         7.67299985e-01, -7.12225651e-01, -2.51596110e-01,
        -1.69178241e+00],
       [ 1.55851884e-01, -6.55023215e-01, -4.50688870e-01,
         1.08253475e+00, -4.60104629e-01, -9.03634752e-01,
         2.83469296e-01, -1.75121827e+00,  9.45520599e-01,
         5.02562363e-01],
       [-8.73779004e-01,  8.65826200e-02, -6.01642783e-01,
         5.70934813e-01, -9.50998631e-01,  9.03276532e-01,
         5.59747900e-01, -1.14249641e+00, -1.41033096e+00,
        -8.34924831e-01],
       [-4.05520427e-01, -1.21539941e+00,  5.76051101e-01,
        -4.81584593e-01, -9.17401570e-01,  9.72562655e-01,
         8.91853356e-02, -9.09340158e-01,  5.83457877e-01,
         1.00755782e+00],
       [ 9.83177949e-01, -6.72725648e-01, -4.77869584e-01,
        -6.03916113e-01,  9.77509315e-01,  6.47451779e-01,
        -2.14569114e+00, -5.04524186e-01, -1.08805596e+00,
         9.71570220e-01],
       [-1.35235695e+00,  6.88440397e-02, -6.00661652e-01,
        -1.40334447e+00, -3.41252881e-01,  5.18502021e-01,
         4.88655637e-01, -2.65630067e-03, -1.88475877e+00,
         1.95910834e-01],
       [ 2.80701760e-02,  3.12136109e-01, -1.96532017e+00,
        -8.51312502e-02, -1.60796511e+00,  1.00454441e+00,
         4.31237310e-01,  1.04405349e+00, -6.26104918e-01,
        -9.39340846e-01],
       [ 1.18412196e-01,  2.25526548e-01,  1.51366391e-01,
         1.39860681e-02,  1.10656025e-01, -7.49680356e-01,
         2.52795748e-02, -1.41420246e-01, -8.06069160e-01,
        -1.45400312e-01],
       [-7.26651247e-01, -2.85121206e-01, -1.14746846e+00,
        -1.66319335e-01,  1.33853448e+00, -6.29309206e-01,
         4.53224790e-01, -1.16063321e+00,  3.63860449e-01,
        -1.61617673e+00],
       [ 4.11289549e-01, -1.39578646e+00, -1.47668951e-01,
         1.09139554e-01, -4.83867825e-01, -8.38912163e-01,
        -1.28560927e-01, -9.32602551e-02, -2.26485389e-01,
         2.57804419e-01],
       [ 3.38551475e-01,  4.12283355e-02, -2.83812828e-01,
         7.56617516e-01, -7.05326663e-01, -9.06824018e-01,
        -3.57821347e-01,  5.97947146e-01, -1.34751554e+00,
        -1.78438949e+00],
       [ 3.26988319e-01, -6.99046606e-01,  2.14542287e-01,
        -6.81996847e-01, -6.27400901e-01,  9.99261910e-01,
        -7.68174466e-01, -3.05211969e-02, -1.47079067e+00,
         6.35980203e-02],
       [ 5.46320703e-01,  3.96849320e-01,  6.71750217e-02,
         6.85886887e-01, -1.53084340e+00,  7.34283909e-01,
         1.16283743e-02, -2.01052660e+00,  8.79078217e-01,
        -1.38604393e+00],
       [ 4.73855397e-01, -1.24299917e+00, -1.36050758e-01,
        -2.92064928e-01, -6.82367954e-01, -1.78501845e-01,
        -4.24295465e-01, -6.55321066e-01,  1.67466334e+00,
        -1.25376248e+00],
       [-3.18074567e-01, -6.45842312e-01,  3.18395097e-01,
        -1.28753681e+00,  8.93088646e-01,  7.44320571e-01,
        -6.83571554e-01,  1.20854296e-01, -1.60100573e-01,
        -7.46182317e-01],
       [ 7.15117953e-01, -5.10506164e-01, -1.46559822e+00,
        -4.97986216e-01, -6.82122292e-01, -7.51684123e-01,
         8.82904811e-01, -9.10862402e-01, -5.01415014e-01,
         3.67825304e-02],
       [-7.88641892e-01,  8.87822905e-01,  2.03282226e-01,
        -4.15219748e-01,  3.21395368e-01, -3.40992632e-01,
         5.28442864e-01,  5.52893846e-02,  1.52213756e-01,
        -1.57573527e+00],
       [-8.94640948e-02, -1.44235143e+00,  4.70075894e-01,
        -1.12945717e+00, -8.63016828e-01, -5.97675614e-01,
        -7.10637857e-02, -7.16617329e-01,  8.16227428e-01,
        -6.03754599e-03],
       [-7.08801379e-02,  4.80780977e-02, -8.00232243e-02,
         7.15427833e-02,  9.07045369e-02, -1.33527931e-01,
        -2.49876008e-01,  6.00981605e-01,  2.19502636e-01,
        -1.31822100e+00],
       [-2.79465965e-01,  2.09090720e+00, -7.30436989e-01,
        -1.49075805e+00,  1.61748931e-01,  1.23910308e-01,
        -3.07463361e-01, -6.32646602e-01, -1.20219030e+00,
         7.94625799e-01],
       [-1.74914686e-01,  4.32305971e-01,  7.78375620e-01,
        -1.74258921e-01,  1.84070812e-01, -5.34674835e-01,
         5.64101283e-02, -1.47169816e-01, -1.07564742e+00,
        -7.98629355e-01],
       [ 5.83120151e-02, -3.88812381e-01,  1.15504138e+00,
         7.51360664e-01, -7.19449054e-01,  9.17836614e-01,
        -1.17435640e+00, -1.66675154e+00, -1.56192762e+00,
        -8.04339658e-01],
       [-1.84783343e+00,  8.69018666e-02, -4.44973462e-01,
         6.17364797e-01, -2.62277336e-01, -2.21568176e-01,
         4.63093724e-02, -1.30961444e+00,  7.55749482e-01,
         6.61495097e-01],
       [-1.92904426e-01, -4.79824526e-01, -9.26821518e-01,
        -2.76187347e-01, -1.54302866e+00, -2.51731309e-01,
         8.37094425e-01,  1.92688578e-01, -5.16695332e-02,
         1.39728544e+00],
       [-3.03930768e-01,  2.66819100e-01, -3.34096060e-01,
        -3.82429142e-01,  3.37576941e-01, -9.07675907e-01,
        -6.65926391e-01, -8.08726323e-01, -9.13470916e-01,
         9.28211432e-01]]), 'b3': array([-0.19230324, -0.36111725, -0.30246303, -0.16499604, -0.71109222,
       -0.46108173, -0.40054886, -0.32545624, -0.21184275, -0.42340932])}